CamZoomSpeed = 0.072730407118797302
CamMoveSpeed = 0.0013300061691552401
