CamZoomSpeed = 0.072730407118797302
CamMoveSpeed = 0.0013300061691552401
MapXK = 0.80814373493194580
MapYK = 1.5126379728317261
MinCamZ = 20.000000000000000
MapYBalance = 38
MaxCamZ = 250.00000000000000
