BuildEnergy = 400
TTL = 12032.163085937500
BotChargeRate = 4
BotRotationSpeed = 0.029999999329447746
BotSpeed = 0.11268443614244461
SpawnDistance = 3
MaxCamZ = 250.00000000000000
CamZoomSpeed = 0.072730407118797302
CamMoveSpeed = 0.0013300061691552401
H2OLevel = 0.17215247452259064
LookupRadios = 10
O2Level = 0.26407784223556519
MapXK = 2.0388081073760986
MapYK = 1.5897976160049438
MinCamZ = 20.000000000000000
MapYBalance = 38
