TakeTime = 100.00000000000000
BuildEnergy = 400
TTL = 12032.163085937500
BotChargeRate = 4
BotRotationSpeed = 0.029999999329447746
BotSpeed = 0.11268443614244461
SpawnDistance = 6
MaxCamZ = 250.00000000000000
MapYK = 1.4828330278396606
BuildTime = 1000.0000000000000
MapXK = 0.91063636541366577
MinCamZ = 20.000000000000000
MapYBalance = 41
LookupRadios = 10
CamMoveSpeed = 0.0013300061691552401
CamZoomSpeed = 0.072730407118797302
