SpawnDistance = 6
MapYK = 1.4976613521575928
LookupRadios = 10
MapYBalance = 41
CamInertia = 0.035828471183776855
MinCamZ = 20.000000000000000
CamZoomSpeed = 0.072730407118797302
MaxCamZ = 250.00001525878906
CamSpeed = 0.0046290457248687744
CamMoveSpeed = 0.0016887545352801681
FontSize = 23.686088562011719
LabFontSize = 25.817825317382812
MapXK = 2.1858777999877930
BotRotationSpeed = 0.029999999329447746
