TakeTime = 100.00000000000000
TTL = 12032.163085937500
SpawnDistance = 6
MapYK = 1.4828330278396606
LookupRadios = 10
MapYBalance = 41
CamInertia = 0.035828471183776855
MinCamZ = 20.000000000000000
CamZoomSpeed = 0.072730407118797302
MaxCamZ = 250.00000000000000
BotPrice = 100000000
CamSpeed = 0.0046290457248687744
BuildEnergy = 400
CamMoveSpeed = 0.0016887545352801681
FontSize = 15.751326560974121
LabFontSize = 25.817825317382812
BuildTime = 1000.0000000000000
MapXK = 2.1858777999877930
BotSpeed = 0.11268443614244461
BotRotationSpeed = 0.029999999329447746
BotChargeRate = 4
