BuildEnergy = 400
BotChargeRate = 4
BotRotationSpeed = 0.029999999329447746
BotSpeed = 0.11268443614244461
MaxCamZ = 250.00000000000000
MapYK = 1.5126379728317261
MapXK = 0.80814373493194580
MinCamZ = 20.000000000000000
MapYBalance = 38
LookupRadios = 10
CamMoveSpeed = 0.0013300061691552401
CamZoomSpeed = 0.072730407118797302
